1	0.5212515425987025
2	0.6490254400759329
3	0.7246303493855477
4	0.7957842181918208
5	0.6903924940474236
6	0.6730987779607245
7	0.8362358641345292
8	0.7734664628216529
9	0.5983481587117531
10	0.5937260343802572
11	0.6820553119916176
12	0.8967967590785744
13	0.7203435214211077
14	0.8384920634920635
15	0.7418314173748957
16	0.5809385460247529
17	0.7889391318024536
18	0.8956656438799295
19	0.5883424408014571
20	1.298773987206823
21	0.865081638128513
22	0.9793449197860962
23	0.7373764600179695
24	0.6611018826135105
25	0.6154135338345865
26	0.9523809523809523
27	0.9892473118279569
28	0.5556253782060233
29	1.2951775991703396
30	0.6828111946532999
31	0.679093567251462
32	0.43108974358974356
33	0.5722502805836138
34	0.375801282051282
35	0.3433333333333334
36	0.5481472795497185
37	0.6481481481481481
38	0.48039215686274517
39	0.8124999999999999
40	0.7749458874458874
41	0.5111111111111112
42	0.34259259259259256
43	0.8636363636363636
44	0.22435897435897437
45	0.8354978354978354
46	0.4201388888888889
47	1.4449404761904763
48	1.8527777777777779
49	1.0208333333333333
50	0.4166666666666667
51	0.9507575757575758
52	0.5
53	0.5
54	0.30333333333333334
55	0.0
56	0.38461538461538464
57	0.5484848484848485
58	0.5072751322751323
59	0.4666666666666667
60	0.75
61	0.9236111111111112
62	0.9560185185185186
63	0.0
64	0.0
65	0.9920634920634921
66	0.0
67	0.5520833333333334
68	0.55
69	0.2142857142857143
70	0.9583333333333334
71	0.4
72	0.6666666666666666
73	0.0
74	3.3
75	0.2
76	0.0
77	0.13333333333333333
78	0.0
79	0.0
80	0.3333333333333333
81	0.625
82	0.4145021645021645
83	0.125
84	0.0
85	1.2962962962962963
86	0.0
87	1.8694727891156462
88	0.5333333333333333
89	0.5
90	0.37142857142857144
91	0.0
92	1.1111111111111112
93	0.0
94	0.4895833333333333
95	2.611111111111111
96	0.8999999999999999
97	0.0
98	0.0
99	0.0
100	0.7083333333333333
101	0.0
102	0.1111111111111111
103	0.375
104	0.0
105	0.75
106	0.0
107	0.0
108	0.8015873015873015
109	0.3333333333333333
110	0.0
111	1.5
112	0.0
113	0.375
114	1.7142857142857142
115	1.0
117	1.2976190476190477
118	0.0
119	1.1428571428571428
120	1.75
121	1.5416666666666667
122	0.0
123	0.75
124	0.0
125	2.1666666666666665
126	0.8382352941176471
127	0.6666666666666666
129	0.0
130	3.3333333333333335
131	0.0
132	0.75
133	0.0
134	1.75
136	0.0
137	0.5
139	1.5
140	0.0
141	0.0
142	0.0
143	10.0
144	0.0
145	0.0
146	0.14285714285714285
147	0.0
148	5.0
149	0.0
150	3.0
151	0.5
152	0.0
153	0.0
154	0.95
155	5.166666666666667
156	0.9666666666666667
157	1.0
158	0.0
159	1.6666666666666667
160	0.0
161	1.5
162	0.0
165	0.0
166	1.8333333333333333
167	0.375
170	0.0
171	1.0
172	2.6666666666666665
173	0.0
174	0.8333333333333334
175	0.75
176	0.0
177	4.0
178	0.0
181	3.75
182	0.0
183	0.0
184	0.75
185	1.0
186	0.16666666666666666
187	0.0
188	4.0
190	0.0
191	0.3333333333333333
194	0.75
195	1.5
196	1.0
200	1.0
201	1.5
203	0.7857142857142857
204	0.0
207	0.0
211	0.0
212	0.0
213	0.0
218	7.333333333333333
220	0.16666666666666666
221	0.0
222	0.0
224	0.5
227	1.5
228	0.16666666666666666
229	0.0
231	0.0
237	0.0
238	1.0714285714285714
241	0.0
246	0.0
247	1.375
251	0.0
252	0.0
253	0.0
254	0.0
255	0.0
265	0.8333333333333334
270	3.5
271	0.0
272	1.0
273	2.4
274	2.0
276	1.75
278	0.0
280	0.0
285	0.0
287	0.6666666666666666
288	0.0
290	0.0
291	0.0
292	3.25
293	0.0
299	1.75
300	0.0
302	0.0
304	0.0
305	0.25
310	0.0
311	0.16666666666666666
312	0.0
315	0.0
317	0.0
318	4.0
320	0.0
321	2.25
333	0.0
334	0.0
336	0.0
337	0.0
341	0.6666666666666666
344	5.666666666666667
359	2.769230769230769
361	2.0
362	0.0
365	0.0
366	1.6666666666666667
372	1.3333333333333335
375	0.0
376	0.0
379	0.0
381	0.0
383	0.0
384	0.0
388	1.5714285714285714
390	0.0
397	0.0
409	0.0
413	0.0
416	0.5
427	0.0
429	2.0
430	0.0
431	0.0
435	0.0
439	5.333333333333333
440	0.0
446	0.0
449	0.0
453	3.0
457	0.0
459	2.3333333333333335
464	0.0
469	0.0
478	0.0
492	2.3333333333333335
493	0.0
496	1.0
499	0.0
504	0.25
505	3.3333333333333335
515	0.0
534	0.0
536	0.0
538	0.0
541	0.0
553	0.0
554	0.0
560	0.0
582	0.0
591	0.0
596	0.0
600	1.0
604	0.0
608	1.8888888888888888
615	0.0
626	0.0
638	0.5
640	0.0
652	0.0
653	0.0
668	0.0
680	0.0
691	0.0
701	0.0
704	0.0
707	0.0
713	0.0
714	2.75
748	0.0
765	0.0
770	1.0
811	1.5
836	0.0
837	0.6666666666666666
839	2.0
859	5.0
886	0.0
897	0.0
900	1.8
963	0.0
1052	3.3333333333333335
1059	1.0
1061	1.0
1069	1.0
1076	0.0
1115	5.666666666666667
1123	0.0
1135	4.8
1157	0.0
1159	0.5
1180	0.0
1195	1.3333333333333333
1220	2.857142857142857
1278	3.0
1302	0.8
1325	0.0
1358	0.0
1367	0.0
1383	2.3333333333333335
1427	0.0
1445	1.0
1504	0.0
1622	0.0
1641	0.0
1689	0.0
1762	0.0
1831	0.0
1896	0.0
1924	0.0
1957	0.0
2310	3.6666666666666665
2725	0.0
2841	0.0
3065	0.0
3172	0.0
3218	0.0
3408	0.0
7063	1.0
7725	0.0
8205	0.0
9022	3.25
